0.048718 0.350813 0.600470 
0.880583 0.081970 0.037447 
0.000000 0.663966 0.336034 

0.043513 0.350190 0.606297 
0.876818 0.082956 0.040226 
0.000000 0.664039 0.335961 

0.017396 0.256279 0.726325 
0.000000 0.000000 1.000000 
0.546961 0.170952 0.282087 

0.289679 0.310902 0.399419 
0.798240 0.201759 0.000001 
0.838171 0.048067 0.113762 

0.353203 0.000000 0.646797 
0.583359 0.064002 0.352638 
0.000000 0.930526 0.069474 

0.086587 0.051051 0.862362 
0.664259 0.335741 0.000000 
0.348000 0.627159 0.024842 

0.018123 0.349347 0.632529 
0.816639 0.099132 0.084229 
0.000000 0.678446 0.321554 

0.044405 0.605320 0.350275 
0.000000 0.336338 0.663662 
0.878289 0.039116 0.082594 

0.247539 0.752461 0.000000 
0.253980 0.116627 0.629393 
0.630299 0.266963 0.102738 

0.352700 0.000000 0.647300 
0.583796 0.062804 0.353400 
0.000007 0.929628 0.070366 

0.016455 0.635255 0.348290 
0.000000 0.308714 0.691286 
0.762648 0.124253 0.113100 

0.097181 0.822574 0.080245 
0.348420 0.015702 0.635879 
0.675593 0.000000 0.324407 

0.081304 0.881898 0.036799 
0.350957 0.049886 0.599157 
0.663600 0.000000 0.336400 

0.277168 0.000000 0.722832 
0.552564 0.114708 0.332727 
0.266719 0.605206 0.128075 

0.039965 0.349861 0.610174 
0.869460 0.084750 0.045789 
0.000000 0.666087 0.333913 

0.072839 0.918756 0.008405 
0.352857 0.060967 0.586176 
0.651226 0.000000 0.348774 

0.335977 0.000000 0.664023 
0.600550 0.048631 0.350819 
0.037572 0.880403 0.082025 

0.081472 0.881477 0.037051 
0.351012 0.049605 0.599383 
0.663716 0.000000 0.336284 

0.338761 0.000000 0.661239 
0.594467 0.055027 0.350506 
0.031479 0.889962 0.078559 

0.351177 0.000000 0.648823 
0.584772 0.061662 0.353566 
0.002794 0.925614 0.071592 

0.055810 0.350760 0.593430 
0.889587 0.078709 0.031704 
0.000000 0.661705 0.338295 

0.347918 0.652082 0.000000 
0.010500 0.073251 0.916249 
0.586756 0.352541 0.060703 

0.361168 0.000000 0.638832 
0.579947 0.077186 0.342866 
0.000000 0.942315 0.057685 

0.270419 0.000342 0.729239 
0.518908 0.087275 0.393816 
0.000000 0.895243 0.104757 

0.173572 0.349295 0.477133 
0.989834 0.010145 0.000020 
0.010851 0.645722 0.343427 

0.050038 0.351069 0.598893 
0.881668 0.081420 0.036912 
0.000000 0.663763 0.336237 

0.050330 0.350907 0.598764 
0.882460 0.081087 0.036453 
0.000000 0.663467 0.336533 

0.336102 0.663898 0.000000 
0.039035 0.082552 0.878413 
0.604252 0.350408 0.045340 

0.335194 0.664806 0.000000 
0.048288 0.085641 0.866071 
0.619854 0.348758 0.031388 

0.292386 0.707614 0.000000 
0.248497 0.123887 0.627616 
0.695750 0.287271 0.016979 

0.336208 0.663792 0.000000 
0.037133 0.081707 0.881160 
0.600074 0.350795 0.049131 

0.292540 0.340280 0.367180 
0.840113 0.102387 0.057499 
0.802763 0.000000 0.197237 

0.047172 0.602197 0.350631 
0.000000 0.336103 0.663897 
0.879678 0.038100 0.082222 

0.336314 0.000000 0.663686 
0.599036 0.049950 0.351015 
0.036866 0.881766 0.081368 

0.024442 0.627406 0.348152 
0.000000 0.331725 0.668275 
0.851322 0.059382 0.089296 

0.071797 0.925878 0.002325 
0.353934 0.061452 0.584615 
0.648839 0.000000 0.351161 

0.071307 0.000030 0.928663 
0.647939 0.352061 0.000000 
0.354296 0.583803 0.061901 

0.045663 0.604013 0.350323 
0.000000 0.336503 0.663497 
0.879499 0.038287 0.082214 

0.123238 0.273195 0.603568 
0.712646 0.287354 0.000000 
0.268661 0.703374 0.027965 

0.018231 0.323826 0.657944 
0.695043 0.119509 0.185449 
0.000000 0.700361 0.299639 

0.084383 0.871159 0.044459 
0.349327 0.036377 0.614297 
0.664263 0.000000 0.335737 

0.344252 0.655748 0.000000 
0.019289 0.074934 0.905778 
0.588999 0.351258 0.059744 

0.081224 0.882105 0.036671 
0.350937 0.050043 0.599020 
0.663549 0.000000 0.336451 

0.112522 0.399003 0.488475 
0.000000 0.000004 0.999996 
0.719581 0.000000 0.280419 

0.336322 0.000000 0.663678 
0.599351 0.049659 0.350990 
0.036985 0.881590 0.081425 

0.338418 0.000000 0.661582 
0.593956 0.055445 0.350599 
0.031811 0.889522 0.078667 

0.353151 0.646849 0.000000 
0.000001 0.069605 0.930394 
0.583520 0.352733 0.063747 

0.289420 0.399728 0.310851 
0.839040 0.114413 0.046547 
0.796929 0.000000 0.203071 

0.051362 0.350850 0.597788 
0.883676 0.080648 0.035676 
0.000000 0.663201 0.336799 

0.000000 0.914688 0.085312 
0.000000 0.289964 0.710036 
0.439577 0.445758 0.114665 

0.022039 0.629668 0.348293 
0.000000 0.327520 0.672480 
0.837466 0.069596 0.092938 

0.287252 0.282304 0.430443 
0.793743 0.206201 0.000055 
0.836985 0.042701 0.120313 

0.336269 0.663731 0.000000 
0.037009 0.081456 0.881535 
0.599232 0.351030 0.049738 

0.336446 0.663554 0.000000 
0.036787 0.081285 0.881928 
0.599291 0.350921 0.049788 

0.049190 0.350730 0.600080 
0.881257 0.081701 0.037042 
0.000000 0.663789 0.336211 

0.083197 0.875869 0.040934 
0.350043 0.042306 0.607651 
0.664082 0.000000 0.335918 

0.083905 0.873217 0.042878 
0.349271 0.036238 0.614491 
0.663357 0.000000 0.336643 

0.232381 0.686597 0.081023 
0.000000 0.129273 0.870727 
0.542057 0.360273 0.097670 

0.030915 0.617916 0.351169 
0.000000 0.315689 0.684311 
0.810890 0.088135 0.100975 

0.337711 0.662289 0.000000 
0.033168 0.079365 0.887467 
0.594876 0.350760 0.054364 

0.088382 0.056755 0.854863 
0.667099 0.332901 0.000000 
0.348099 0.626969 0.024931 

0.336267 0.000000 0.663733 
0.599185 0.049781 0.351034 
0.036992 0.881559 0.081449 

0.336945 0.000000 0.663055 
0.597359 0.051825 0.350816 
0.035294 0.884272 0.080434 

0.081455 0.037002 0.881543 
0.663737 0.336263 0.000000 
0.351035 0.599195 0.049769 

0.096240 0.825915 0.077844 
0.349178 0.024561 0.626261 
0.677257 0.000000 0.322743 

0.335549 0.000000 0.664451 
0.609514 0.040632 0.349854 
0.042482 0.873816 0.083702 

0.062099 0.354233 0.583668 
0.928549 0.071265 0.000186 
0.000000 0.647997 0.352003 

0.316625 0.683375 0.000000 
0.092022 0.102331 0.805647 
0.626375 0.350382 0.023243 

0.082235 0.038135 0.879630 
0.663891 0.336109 0.000000 
0.350620 0.602301 0.047080 

0.080870 0.883060 0.036070 
0.350880 0.050853 0.598267 
0.663340 0.000000 0.336660 

0.332807 0.667193 0.000000 
0.054533 0.087653 0.857814 
0.622707 0.348553 0.028740 

0.049789 0.599175 0.351036 
0.000000 0.336264 0.663736 
0.881559 0.036992 0.081449 

0.095514 0.307892 0.596594 
0.997338 0.000000 0.002662 
0.000000 0.601376 0.398624 

0.112722 0.488970 0.398307 
0.720955 0.279045 0.000000 
0.000001 0.999999 0.000000 

0.013188 0.715498 0.271313 
0.386756 0.291936 0.321308 
0.057037 0.942963 0.000000 

0.058971 0.590016 0.351013 
0.000000 0.343032 0.656968 
0.902295 0.022047 0.075658 

0.125333 0.836033 0.038634 
0.451126 0.286677 0.262197 
0.000000 0.792383 0.207617 

0.340171 0.000000 0.659829 
0.592520 0.056947 0.350533 
0.028420 0.894168 0.077412 

0.336801 0.663199 0.000000 
0.035453 0.080557 0.883990 
0.597269 0.350898 0.051833 

0.253273 0.000298 0.746430 
0.065485 0.313095 0.621420 
0.309587 0.537829 0.152583 

0.081977 0.037451 0.880572 
0.663996 0.336004 0.000000 
0.350831 0.600374 0.048795 

0.336656 0.000000 0.663344 
0.607351 0.042614 0.350035 
0.039493 0.877762 0.082745 

0.355601 0.644399 0.000000 
0.000000 0.065890 0.934110 
0.582770 0.349447 0.067783 

0.031792 0.619411 0.348797 
0.000000 0.335390 0.664610 
0.866869 0.047684 0.085447 

0.051588 0.350888 0.597524 
0.883735 0.080636 0.035629 
0.000000 0.663245 0.336755 

0.081333 0.881827 0.036840 
0.350972 0.049862 0.599166 
0.663627 0.000000 0.336373 

0.336430 0.663570 0.000000 
0.036736 0.081263 0.882001 
0.599107 0.350943 0.049950 

0.358616 0.641384 0.000000 
0.028783 0.075339 0.895878 
0.661116 0.338884 0.000000 

0.327783 0.000000 0.672217 
0.629729 0.022067 0.348204 
0.069151 0.838134 0.092714 

0.070443 0.929456 0.000101 
0.353784 0.064227 0.581989 
0.647838 0.000000 0.352162 

0.049968 0.351059 0.598973 
0.881642 0.081426 0.036932 
0.000000 0.663753 0.336247 

0.050318 0.598669 0.351013 
0.000000 0.336360 0.663640 
0.882103 0.036650 0.081247 

0.033823 0.617184 0.348992 
0.000000 0.336492 0.663508 
0.871096 0.044471 0.084432 

0.201528 0.000000 0.798472 
0.048261 0.112266 0.839473 
0.321883 0.387803 0.290314 

0.050464 0.350960 0.598576 
0.882408 0.081121 0.036471 
0.000000 0.663537 0.336463 

0.086120 0.864004 0.049876 
0.348959 0.032691 0.618349 
0.666026 0.000000 0.333974 

0.347046 0.652954 0.000000 
0.013886 0.073277 0.912837 
0.588124 0.351356 0.060521 

0.050875 0.598262 0.350864 
0.000000 0.336693 0.663307 
0.883143 0.036021 0.080836 

0.260594 0.004960 0.734446 
0.512175 0.090470 0.397355 
0.000000 0.888953 0.111047 

0.086534 0.051019 0.862447 
0.665247 0.334753 0.000000 
0.348406 0.623413 0.028181 

0.335977 0.000000 0.664023 
0.600550 0.048631 0.350819 
0.037572 0.880403 0.082025 

0.000100 0.030248 0.049955 0.051960 0.045087 0.031494 0.043704 0.152856 0.032481 0.007004 0.010817 0.050587 0.029160 0.015060 0.000141 0.039037 0.000262 0.062228 0.083224 0.197821 0.004706 0.009223 0.034650 0.000100 0.017996 0.000100 
0.000100 0.013703 0.064101 0.080076 0.000100 0.045966 0.025035 0.000100 0.000100 0.005639 0.002045 0.069261 0.042755 0.211378 0.000100 0.035620 0.000259 0.143615 0.104110 0.087599 0.013084 0.020613 0.018604 0.003635 0.010297 0.002104 
0.233313 0.000100 0.000100 0.000100 0.315126 0.000100 0.000100 0.000100 0.172886 0.000100 0.003949 0.000100 0.000100 0.000100 0.214440 0.000100 0.000100 0.000100 0.000100 0.000100 0.041440 0.000100 0.000100 0.000100 0.016945 0.000100 
