0.106625 0.530092 0.322671 0.040611 
0.276543 0.008555 0.695214 0.019688 
0.546610 0.000000 0.119168 0.334222 
0.941551 0.000000 0.027099 0.031350 

0.031399 0.026811 0.000000 0.941790 
0.335588 0.118265 0.000000 0.546148 
0.022808 0.687638 0.011446 0.278108 
0.040937 0.319579 0.532887 0.106598 

0.000653 0.574276 0.166753 0.258318 
0.000000 0.168886 0.367837 0.463277 
0.000000 0.000018 0.012259 0.987723 
0.720443 0.056490 0.118008 0.105060 

0.122365 0.380187 0.000000 0.497448 
0.020081 0.033095 0.000000 0.946824 
0.684819 0.073019 0.000914 0.241249 
0.258966 0.116445 0.517529 0.107059 

0.122148 0.379971 0.497881 0.000000 
0.020194 0.033296 0.946510 0.000000 
0.260057 0.116249 0.107349 0.516346 
0.685266 0.072167 0.241528 0.001039 

0.122412 0.357634 0.519954 0.000000 
0.013187 0.029142 0.957671 0.000000 
0.284067 0.098736 0.108077 0.509121 
0.706641 0.050320 0.243039 0.000000 

0.121028 0.532868 0.000000 0.346104 
0.308529 0.107159 0.526259 0.058053 
0.693737 0.268301 0.000786 0.037176 
0.024734 0.942599 0.000000 0.032668 

0.000198 0.266705 0.183581 0.549516 
0.777464 0.104368 0.115444 0.002724 
0.000000 0.987797 0.012195 0.000008 
0.000000 0.458847 0.362482 0.178671 

0.024331 0.031223 0.000000 0.944446 
0.333864 0.121123 0.000000 0.545013 
0.000000 0.698512 0.016317 0.285171 
0.000002 0.351340 0.564057 0.084601 

0.034006 0.000000 0.777062 0.188931 
0.221103 0.084110 0.262761 0.432026 
0.000199 0.999801 0.000000 0.000000 
0.502778 0.000000 0.392947 0.104275 

0.057221 0.574815 0.202868 0.165096 
0.000000 0.333816 0.000010 0.666175 
0.999998 0.000001 0.000002 0.000000 
0.926638 0.000000 0.000152 0.073211 

0.108970 0.000020 0.083321 0.807689 
0.000000 0.000000 1.000000 0.000000 
0.877266 0.053624 0.069110 0.000000 
0.298199 0.219750 0.476688 0.005363 

0.279230 0.441418 0.000000 0.279352 
0.392789 0.000201 0.384685 0.222326 
0.643604 0.170891 0.038587 0.146918 
0.000009 0.000000 0.995752 0.004240 

0.104819 0.036663 0.338059 0.520459 
0.940594 0.031126 0.028279 0.000000 
0.548040 0.329988 0.121972 0.000000 
0.272548 0.004076 0.723375 0.000000 

0.045586 0.085653 0.601773 0.266988 
1.000000 0.000000 0.000000 0.000000 
0.000000 0.072510 0.332836 0.594654 
0.839033 0.106350 0.054413 0.000204 

0.004227 0.706307 0.274445 0.015021 
0.000000 0.120526 0.547354 0.332120 
0.526096 0.327575 0.106546 0.039784 
0.000000 0.027444 0.941291 0.031265 

0.101674 0.080572 0.155505 0.662248 
0.954310 0.022924 0.022767 0.000000 
0.463198 0.412501 0.124301 0.000000 
0.302105 0.129643 0.562783 0.005469 

0.052360 0.602677 0.211196 0.133766 
0.000000 0.331419 0.500544 0.168036 
0.807951 0.070585 0.006779 0.114686 
1.000000 0.000000 0.000000 0.000000 

0.033252 0.945744 0.000000 0.021004 
0.106792 0.107221 0.522399 0.263587 
0.065789 0.251393 0.001563 0.681254 
0.376795 0.501163 0.000000 0.122042 

0.101649 0.808162 0.000000 0.090189 
0.288064 0.010319 0.514661 0.186957 
0.455134 0.000000 0.159318 0.385549 
0.974077 0.000000 0.013402 0.012521 

0.000492 0.242735 0.065079 0.691694 
0.516041 0.107201 0.111124 0.265634 
0.000000 0.947358 0.032288 0.020355 
0.000000 0.503125 0.373202 0.123673 

0.016849 0.000000 0.043140 0.940011 
0.197383 0.047691 0.414639 0.340287 
0.457385 0.000000 0.123583 0.419033 
0.013006 0.893572 0.000000 0.093422 

0.121185 0.531004 0.347811 0.000000 
0.306577 0.107186 0.060970 0.525267 
0.024415 0.942804 0.032781 0.000000 
0.694320 0.266905 0.038583 0.000193 

0.033073 0.943879 0.023048 0.000000 
0.076988 0.107231 0.296017 0.519764 
0.355728 0.523226 0.121046 0.000000 
0.044101 0.258079 0.697381 0.000439 

0.108171 0.315954 0.061249 0.514626 
0.544481 0.119802 0.335717 0.000000 
0.967025 0.004330 0.028645 0.000000 
0.262125 0.709757 0.028096 0.000022 

0.007319 0.034419 0.249018 0.709245 
0.000000 0.188376 0.797895 0.013729 
0.611313 0.000000 0.000000 0.388687 
0.000000 0.411771 0.474232 0.113997 

0.107274 0.516711 0.085298 0.290717 
0.252716 0.000528 0.046536 0.700220 
0.944821 0.000000 0.032853 0.022326 
0.520025 0.000000 0.358635 0.121340 

0.175047 0.462762 0.000000 0.362192 
0.001765 0.103879 0.783457 0.110899 
0.546580 0.271293 0.001188 0.180939 
0.004168 0.984301 0.000000 0.011531 

0.000054 0.811029 0.070572 0.118345 
0.250521 0.044325 0.603595 0.101560 
0.581270 0.000000 0.325418 0.093312 
0.000000 1.000000 0.000000 0.000000 

0.118041 0.333043 0.548916 0.000000 
0.027451 0.031178 0.941371 0.000000 
0.325253 0.038155 0.105920 0.530671 
0.695968 0.014910 0.277691 0.011431 

0.004261 0.000001 0.273871 0.721867 
0.000000 0.031694 0.940148 0.028158 
0.520556 0.035174 0.102918 0.341353 
0.000000 0.331840 0.547313 0.120847 

0.011564 0.252575 0.039787 0.696073 
0.617892 0.000001 0.005552 0.376555 
0.000000 0.812302 0.170252 0.017446 
0.000000 0.474833 0.409825 0.115342 

0.031504 0.000000 0.026682 0.941814 
0.028005 0.014623 0.676916 0.280457 
0.338092 0.000000 0.117402 0.544506 
0.041391 0.538204 0.314158 0.106248 

0.000000 0.805543 0.117949 0.076507 
0.196038 0.034287 0.590596 0.179079 
0.412053 0.000000 0.304250 0.283697 
0.181624 0.770285 0.048091 0.000000 

0.103127 0.105271 0.791334 0.000268 
0.981234 0.011421 0.000000 0.007345 
0.275478 0.181775 0.002989 0.539758 
0.461905 0.366942 0.000000 0.171153 

0.104758 0.329025 0.036764 0.529453 
0.548801 0.118498 0.332701 0.000000 
0.941078 0.027764 0.031158 0.000000 
0.277010 0.701561 0.011536 0.009894 

0.005655 0.000000 0.994345 0.000000 
0.189064 0.000000 0.634502 0.176434 
0.198488 0.145694 0.047988 0.607830 
0.286754 0.404850 0.000000 0.308396 

0.096883 0.014549 0.274466 0.614101 
0.617668 0.306241 0.076091 0.000000 
0.758602 0.002848 0.238550 0.000000 
0.216982 0.734261 0.043174 0.005582 

0.107294 0.515788 0.288712 0.088206 
0.250987 0.000328 0.701095 0.047590 
0.518685 0.000000 0.121586 0.359729 
0.945084 0.000000 0.022125 0.032791 

0.118631 0.000000 0.548888 0.332481 
0.702142 0.009530 0.276817 0.011512 
0.329118 0.528934 0.105001 0.036948 
0.027746 0.000000 0.941130 0.031125 

0.010282 0.383423 0.199258 0.407037 
0.000000 0.007994 0.991799 0.000207 
0.614095 0.197142 0.109426 0.079337 
0.000000 0.676629 0.141621 0.181750 

0.012091 0.000000 0.000001 0.987908 
0.181021 0.000087 0.549171 0.269721 
0.358589 0.000000 0.179239 0.462172 
0.113319 0.781429 0.000771 0.104480 

0.107276 0.115509 0.258418 0.518797 
0.949865 0.031111 0.019024 0.000000 
0.499133 0.374636 0.126231 0.000000 
0.242055 0.071747 0.686185 0.000012 

0.111439 0.000000 0.344627 0.543935 
0.727040 0.000000 0.000000 0.272960 
0.000000 0.000000 0.043909 0.956091 
0.350251 0.515133 0.036042 0.098574 

0.104746 0.530589 0.327917 0.036748 
0.277582 0.011026 0.699114 0.012278 
0.548920 0.000000 0.118043 0.333037 
0.941153 0.000000 0.027678 0.031169 

0.104567 0.523073 0.035760 0.336600 
0.274773 0.007011 0.002022 0.716194 
0.940679 0.000000 0.031203 0.028118 
0.550093 0.000000 0.330925 0.118982 

0.114849 0.474501 0.000000 0.410650 
0.386522 0.000000 0.608814 0.004664 
0.709947 0.249180 0.007295 0.033578 
0.014684 0.810329 0.000000 0.174987 

0.124208 0.501825 0.373967 0.000000 
0.263818 0.107244 0.112637 0.516301 
0.020047 0.947872 0.032081 0.000000 
0.690407 0.242304 0.067058 0.000231 

0.031222 0.941582 0.027196 0.000000 
0.038849 0.106225 0.321340 0.533586 
0.334313 0.548305 0.117382 0.000000 
0.018823 0.279304 0.687893 0.013979 

0.104673 0.337972 0.035798 0.521558 
0.550027 0.119354 0.330619 0.000000 
0.940580 0.028213 0.031207 0.000000 
0.274275 0.719193 0.000459 0.006072 

0.104449 0.113224 0.000195 0.782132 
0.987487 0.012039 0.000474 0.000000 
0.462030 0.359275 0.178695 0.000000 
0.269897 0.181442 0.548536 0.000125 

0.318044 0.167627 0.514330 0.000000 
0.000000 0.000000 0.000000 1.000000 
0.099048 0.142809 0.000000 0.758143 
0.604603 0.150326 0.199000 0.046071 

0.106717 0.117385 0.246743 0.529155 
0.951317 0.029857 0.018827 0.000000 
0.494510 0.380002 0.125489 0.000000 
0.242981 0.079765 0.677053 0.000201 

0.031287 0.028089 0.940624 0.000000 
0.331527 0.119191 0.549283 0.000000 
0.035626 0.335758 0.104013 0.524603 
0.004072 0.713387 0.275179 0.007362 

0.068669 0.000000 0.542770 0.388560 
0.393239 0.063967 0.263670 0.279125 
0.033967 0.000000 0.042183 0.923850 
0.000000 0.807597 0.093075 0.099328 

0.050689 0.405495 0.339881 0.203935 
0.000000 0.118288 0.408576 0.473136 
0.903838 0.000000 0.091944 0.004218 
0.000000 0.053607 0.927031 0.019362 

0.122213 0.546394 0.331393 0.000000 
0.342687 0.103228 0.035736 0.518349 
0.028069 0.940182 0.031749 0.000000 
0.727385 0.272615 0.000000 0.000000 

0.123992 0.503210 0.000000 0.372798 
0.265791 0.107278 0.515627 0.111304 
0.692264 0.242509 0.000213 0.065014 
0.020127 0.947818 0.000000 0.032055 

0.105425 0.324067 0.037482 0.533027 
0.549014 0.117187 0.333799 0.000000 
0.941457 0.027379 0.031164 0.000000 
0.279145 0.691656 0.015505 0.013694 

0.071660 0.171890 0.738042 0.018409 
0.413360 0.314737 0.000000 0.271902 
0.225872 0.633063 0.024922 0.116144 
0.000000 0.000006 0.882117 0.117877 

0.098542 0.536094 0.332000 0.033364 
0.278015 0.011475 0.699982 0.010528 
0.544063 0.000000 0.118278 0.337659 
0.939528 0.000000 0.028107 0.032365 

0.031435 0.027179 0.000000 0.941386 
0.333073 0.121941 0.000000 0.544986 
0.018997 0.707538 0.000000 0.273466 
0.041672 0.325666 0.525753 0.106909 

0.108436 0.596584 0.200538 0.094442 
0.198941 0.007988 0.378354 0.414718 
0.985419 0.000000 0.012187 0.002394 
0.147357 0.000000 0.678692 0.173951 

0.000089 0.182854 0.537021 0.280036 
0.000000 0.000001 0.999858 0.000141 
0.207657 0.118034 0.035421 0.638888 
0.514640 0.194511 0.000000 0.290848 

0.106581 0.042959 0.535337 0.315123 
0.941884 0.031617 0.000000 0.026499 
0.278364 0.028758 0.011690 0.681187 
0.543576 0.338158 0.000000 0.118266 

0.105698 0.538490 0.317612 0.038200 
0.282187 0.018510 0.677140 0.022163 
0.547980 0.000000 0.116072 0.335948 
0.941832 0.000000 0.026958 0.031211 

0.309184 0.543424 0.147393 0.000000 
0.133489 0.000031 0.151066 0.715413 
0.000000 0.000000 0.000000 1.000000 
0.610620 0.225217 0.125029 0.039134 

0.125793 0.506895 0.367313 0.000000 
0.274438 0.107436 0.133795 0.484331 
0.000000 0.973818 0.026182 0.000000 
0.717973 0.207625 0.074304 0.000098 

0.104479 0.527828 0.331335 0.036359 
0.276212 0.008643 0.705858 0.009286 
0.548955 0.000000 0.118846 0.332199 
0.940954 0.000000 0.027868 0.031177 

0.104259 0.113072 0.000172 0.782496 
0.986218 0.011930 0.001852 0.000000 
0.461630 0.360844 0.177526 0.000000 
0.269816 0.182098 0.547670 0.000416 

0.027441 0.000000 0.000181 0.972378 
0.023246 0.000038 0.726909 0.249808 
0.332925 0.000000 0.120937 0.546138 
0.071245 0.503519 0.316991 0.108245 

0.013787 0.279126 0.015472 0.691615 
0.533340 0.105207 0.037315 0.324137 
0.000000 0.941407 0.031166 0.027427 
0.000000 0.548905 0.333929 0.117166 

0.093447 0.000000 0.894461 0.012091 
0.048831 0.064869 0.684488 0.201811 
0.160083 0.184457 0.027970 0.627490 
0.352622 0.337296 0.000000 0.310082 

0.105456 0.323097 0.037591 0.533856 
0.548882 0.117000 0.334118 0.000000 
0.941504 0.027324 0.031172 0.000000 
0.279567 0.689586 0.016435 0.014412 

0.103886 0.785149 0.000001 0.110964 
0.271414 0.001246 0.545652 0.181688 
0.462387 0.000000 0.175284 0.362329 
0.984273 0.000000 0.004150 0.011578 

0.036539 0.170922 0.609747 0.182792 
0.647115 0.058188 0.214549 0.080149 
0.000000 0.313736 0.304535 0.381729 
0.919286 0.000000 0.000055 0.080659 

0.031496 0.941812 0.000000 0.026693 
0.042091 0.106676 0.533210 0.318024 
0.025722 0.277702 0.010575 0.686001 
0.336572 0.544726 0.000000 0.118703 

0.000962 0.181660 0.546365 0.271013 
0.000000 0.011671 0.003583 0.984746 
0.000000 0.361697 0.175913 0.462390 
0.784431 0.111565 0.000010 0.103993 

0.251339 0.000000 0.019494 0.729167 
0.071106 0.028755 0.710394 0.189745 
0.000000 0.000000 0.349626 0.650374 
0.291389 0.576136 0.042067 0.090408 

0.003426 0.318328 0.197614 0.480632 
0.405536 0.289506 0.304957 0.000000 
0.041311 0.164430 0.000000 0.794259 
0.149672 0.686684 0.143509 0.020135 

0.012792 0.500078 0.187199 0.299931 
0.000000 0.154385 0.391570 0.454045 
0.000000 0.015627 0.013253 0.971120 
0.818638 0.000000 0.080059 0.101302 

0.316045 0.402142 0.000000 0.281813 
0.200863 0.077065 0.696169 0.025903 
0.660081 0.223581 0.001049 0.115289 
0.009921 0.000000 0.876599 0.113480 

0.107318 0.286296 0.515116 0.091269 
0.517238 0.121937 0.000000 0.360825 
0.249454 0.701462 0.000287 0.048797 
0.945628 0.021780 0.000000 0.032592 

0.103470 0.363989 0.000000 0.532542 
0.000000 0.074544 0.000000 0.925456 
0.738057 0.000000 0.000101 0.261843 
0.367284 0.031449 0.513453 0.087815 

0.089254 0.593914 0.277253 0.039579 
0.228320 0.035422 0.001329 0.734929 
0.674293 0.000000 0.269893 0.055814 
0.663475 0.000000 0.000004 0.336521 

0.273861 0.726139 0.000000 0.000000 
0.235526 0.000001 0.214948 0.549524 
0.026954 0.000000 0.000000 0.973046 
0.649781 0.349688 0.000410 0.000121 

0.119708 0.000000 0.491796 0.388496 
0.677309 0.001943 0.241146 0.079603 
0.253696 0.518474 0.107188 0.120642 
0.019954 0.000000 0.945534 0.034512 

0.003106 0.272296 0.033120 0.691479 
0.529175 0.107054 0.050004 0.313767 
0.000000 0.942074 0.032229 0.025697 
0.000000 0.538218 0.341214 0.120568 

0.031165 0.941382 0.027453 0.000000 
0.037496 0.105379 0.324366 0.532759 
0.333760 0.548891 0.117349 0.000000 
0.015337 0.278894 0.692451 0.013318 

0.033001 0.945314 0.000000 0.021685 
0.097046 0.107185 0.521510 0.274260 
0.055593 0.254068 0.001338 0.689000 
0.369036 0.509292 0.000000 0.121673 

0.032921 0.000000 0.943727 0.023352 
0.041604 0.000194 0.262702 0.695500 
0.069106 0.522472 0.107239 0.301183 
0.352048 0.000000 0.526938 0.121013 

0.000000 0.053217 0.836809 0.109974 
0.663357 0.323644 0.000000 0.012999 
0.274622 0.596696 0.036935 0.091748 
0.000000 0.000000 1.000000 0.000000 

0.009809 0.276991 0.011397 0.701804 
0.529348 0.104712 0.036729 0.329211 
0.000000 0.941072 0.031174 0.027754 
0.000000 0.548767 0.332713 0.118520 

0.105110 0.037082 0.530968 0.326840 
0.941255 0.031140 0.000000 0.027605 
0.277882 0.013152 0.011587 0.697379 
0.549040 0.333103 0.000000 0.117857 

0.031983 0.941936 0.026080 0.000000 
0.047009 0.107000 0.315856 0.530134 
0.339204 0.540324 0.120471 0.000000 
0.031050 0.273837 0.691032 0.004081 

0.011828 0.013062 0.697125 0.277985 
0.000000 0.031156 0.027618 0.941226 
0.000000 0.333241 0.117756 0.549004 
0.531363 0.036875 0.326883 0.104879 

0.072590 0.823627 0.000011 0.103772 
0.260908 0.034730 0.084777 0.619586 
0.000000 0.862479 0.137521 0.000000 
0.474374 0.000000 0.201958 0.323668 

0.000148 0.000000 0.999831 0.000021 
0.192176 0.000099 0.510861 0.296865 
0.125979 0.200104 0.036504 0.637414 
0.216613 0.494036 0.000000 0.289351 

0.041814 0.207432 0.149466 0.601288 
0.906274 0.078240 0.000000 0.015486 
0.654985 0.091362 0.054259 0.199394 
0.000000 0.418388 0.277148 0.304464 

0.005208 0.994722 0.000000 0.000070 
0.141331 0.037283 0.183403 0.637983 
0.211784 0.445265 0.000000 0.342952 
0.258846 0.000000 0.455307 0.285848 

0.118631 0.000000 0.548888 0.332481 
0.702142 0.009530 0.276817 0.011512 
0.329118 0.528934 0.105001 0.036948 
0.027746 0.000000 0.941130 0.031125 

0.000100 0.024756 0.071766 0.095458 0.000138 0.039222 0.072645 0.000100 0.000100 0.007914 0.016726 0.042199 0.037568 0.020165 0.000100 0.071883 0.000594 0.010919 0.117934 0.298924 0.000100 0.031523 0.024945 0.000100 0.014020 0.000100 
0.009298 0.000100 0.050952 0.068753 0.000100 0.049694 0.000100 0.000100 0.000100 0.000100 0.000100 0.081832 0.042525 0.323698 0.000100 0.010235 0.000100 0.215661 0.108543 0.003286 0.015175 0.000100 0.003757 0.005914 0.006339 0.003338 
0.215671 0.000100 0.000100 0.000100 0.335729 0.000100 0.000100 0.000100 0.175387 0.000357 0.001072 0.000100 0.000100 0.000100 0.201130 0.000100 0.000100 0.000100 0.004615 0.000181 0.042776 0.000100 0.000100 0.000100 0.021482 0.000100 
0.000100 0.054272 0.040421 0.000100 0.000410 0.026595 0.000100 0.400694 0.047911 0.012828 0.000100 0.079126 0.027686 0.026184 0.005211 0.001726 0.000100 0.168237 0.010756 0.000100 0.011371 0.000876 0.072426 0.000100 0.012471 0.000100 
