0.00234675098501785 0.02455442609587095 0.05117152279436286 0.04068525128762521 0.00116102417153515 0.01238837493669948 0.02334399664044070 0.00439707026666502 0.03276805454343342 0.00161802304756494 0.01274656324493905 0.10394871731531688 0.03548534515766461 0.20036312883662907 0.00202561663969962 0.02276348455467312 0.00058051208576757 0.11469436656250385 0.09485814507861616 0.14207724516137002 0.01121499944419056 0.02598717932882922 0.00917703148351716 0.00109926756666626 0.02649358348875412 0.00205031928164717 
0.08422285863056496 0.00735485550637855 0.00247331424108305 0.00123665712054153 0.31703983337672480 0.00201770372298881 0.00058578495183546 0.00097630825305910 0.05285082009893257 0.00813590210882583 0.00045561051809425 0.11858890913824525 0.00240822702421244 0.00065087216870607 0.11735225201770372 0.00091122103618849 0.00032543608435303 0.05877375683415777 0.01887529289247592 0.00956782087997917 0.11012757094506640 0.00279875032543608 0.00143191877115335 0.00032543608435303 0.08018745118458735 0.00032543608435303 
0.14674132835588738 0.00161766993311557 0.01906983978845855 0.00143101571006377 0.15100326644890340 0.00180432415616737 0.00090216207808368 0.16027375952714262 0.06508010577072640 0.00031109037175299 0.03720640846165811 0.03826411572561829 0.00189765126769326 0.00111992533831078 0.18780525742728263 0.00292424949447815 0.00121325244983668 0.03617981023487323 0.00973712863586872 0.09136724218385440 0.03365997822367398 0.00077772592938249 0.00177321511899207 0.00015554518587650 0.00746616892207186 0.00021776326022710 
0.08947396302378556 0.04071091804841871 0.02140170577952005 0.02262011972241352 0.16713460825343010 0.02563966732001907 0.01528314880542459 0.02720241563807808 0.13413148275679398 0.00365524182868040 0.00177464639508396 0.02140170577952005 0.02203740001059491 0.01493881443025905 0.08070668008687822 0.02042167717327965 0.00148328653917466 0.03520156804576999 0.06579435291624729 0.10110187000052974 0.03427451395878582 0.00662181490702972 0.03175822429411453 0.00013243629814059 0.01483286539174657 0.00026487259628119 
0.08303760390765196 0.01609411840442910 0.04870884935100468 0.08352847451898704 0.03807868414487926 0.02698178950502539 0.01429962420233526 0.01570785956272280 0.03185830738156741 0.00220489422140679 0.00325905897689689 0.04178033137789795 0.03797407237525047 0.09646814571614803 0.02987873081782263 0.02773821307003356 0.00416032960754492 0.14119370076205650 0.10951242868293783 0.06398216771680790 0.00720211798598202 0.02068898920889361 0.02992701317303591 0.01196597703369304 0.01337421239408058 0.00039430590090851 
0.10013251615040583 0.01014576776544642 0.02360443929103859 0.00973165479542819 0.09118767599801225 0.05441444426039423 0.00873778366738446 0.01689580917674342 0.11135497763789962 0.00227762133510022 0.00107669372204737 0.02873944011926453 0.01846943846281265 0.00720556567831705 0.18063607752194800 0.01503230081166142 0.00070399204903098 0.08315388437965877 0.02302468113301309 0.15214510518469437 0.03449561040251781 0.00227762133510022 0.01358290541659765 0.00020705648500911 0.01031141295345370 0.00045552426702004 
0.10432022932022932 0.01320638820638821 0.01530507780507781 0.00875307125307125 0.15719696969696970 0.01735257985257985 0.01530507780507781 0.12018837018837018 0.08881040131040131 0.00153562653562654 0.00081900081900082 0.02943284193284193 0.01371826371826372 0.03398853398853399 0.07985257985257985 0.01520270270270270 0.00071662571662572 0.09316134316134315 0.04816748566748567 0.08005733005733005 0.03327190827190827 0.00230343980343980 0.01504914004914005 0.00025593775593776 0.01167076167076167 0.00035831285831286 
0.15937297132164815 0.00463970672471073 0.00738916256157635 0.00301676404322756 0.46614732500859210 0.00442967884828350 0.00223393286745332 0.00631992973612861 0.12594035208309468 0.00066827051590484 0.00055370985603544 0.00452514606484133 0.00725550845839539 0.00689273303547562 0.08909000649177072 0.00444877229159507 0.00055370985603544 0.01810058425936533 0.01021499217168824 0.04336120976056822 0.01798602359949593 0.00087829839233207 0.00790468553098866 0.00009546721655783 0.00780921831443083 0.00017184098980410 
0.02745354120752047 0.00931896715914347 0.07142274100073463 0.03186134465213724 0.04015998693984164 0.02221587353413327 0.02984790357249748 0.00134682883029957 0.00084346856038963 0.00023127363752619 0.00470709874023889 0.05501591706799445 0.03390199439501537 0.26076782847658697 0.07377629037085408 0.01148205588659429 0.00152368514134901 0.03651402606589938 0.12360895709193807 0.12235735858297282 0.00168693712077926 0.02960302560335211 0.00116997251925013 0.00219029739068920 0.00019046064266863 0.00680216580959378 
0.08054522924411400 0.00371747211895911 0.00309789343246592 0.00433705080545229 0.22428748451053285 0.00309789343246592 0.00371747211895911 0.00371747211895911 0.01548946716232962 0.00371747211895911 0.00309789343246592 0.00371747211895911 0.00371747211895911 0.00309789343246592 0.29244114002478316 0.00433705080545229 0.00309789343246592 0.00743494423791822 0.00309789343246592 0.00371747211895911 0.30793060718711274 0.00371747211895911 0.00557620817843866 0.00309789343246592 0.00309789343246592 0.00309789343246592 
0.06295081967213115 0.01196721311475410 0.01327868852459016 0.01081967213114754 0.33852459016393444 0.01819672131147541 0.00721311475409836 0.01442622950819672 0.15639344262295082 0.00213114754098361 0.00213114754098361 0.02704918032786885 0.00950819672131148 0.06885245901639345 0.05360655737704918 0.01327868852459016 0.00131147540983607 0.00803278688524590 0.09000000000000000 0.04065573770491803 0.00721311475409836 0.00213114754098361 0.02344262295081967 0.00098360655737705 0.01491803278688525 0.00098360655737705 
0.11376743963433604 0.01177399669753751 0.01320984995333477 0.05903749970086390 0.16775552205231292 0.01964725871682581 0.00375714935266949 0.00761002225572547 0.12386627420011008 0.00088544284107498 0.00646133965108766 0.12625936295977216 0.01304233374015842 0.00557589681001268 0.08859214588269079 0.01378419125565367 0.00069399574030201 0.00782540024409505 0.04015602938712997 0.04130471199176777 0.02347620073228516 0.00794505468207816 0.01141503338358820 0.00011965443798310 0.09179888482063800 0.00023930887596621 
0.19877531794630240 0.03937038781598367 0.00569163133929973 0.00317946302402261 0.24450463181033130 0.00749725231590517 0.00160935782697441 0.00730098916627414 0.11277280577798712 0.00094206311822892 0.00062804207881928 0.00353273669335846 0.02963573559428482 0.00561312607944732 0.12443083686607002 0.07304914429266761 0.00039252629926205 0.00851782069398650 0.03442455644528183 0.02983199874391584 0.04251059821008008 0.00098131574815513 0.00934212592243680 0.00019626314963103 0.01503375726173654 0.00023551577955723 
0.07122129877447528 0.01153683617410903 0.05086631919988731 0.15228905479645020 0.09216791097337654 0.01512889139315397 0.11741090294407663 0.01364980983237076 0.05824764051274828 0.00267643330046485 0.00602901817157346 0.01273418791379067 0.01064938723763910 0.01326947457388365 0.06820678968868855 0.00918439216791097 0.00088744893646993 0.00646569939428089 0.06919284406254401 0.16793914635864207 0.01319904211860826 0.00609945062684885 0.01417101000140865 0.00022538385688125 0.01608677278489928 0.00046485420481758 
0.01860168443524557 0.01886202991369547 0.02188203746371435 0.02780489709844964 0.00774527798388461 0.11640046341495164 0.01219718566537796 0.00844821077569935 0.01359003397508494 0.00140586558362948 0.00764113979250465 0.04352976399682378 0.06256101847151170 0.16852162820062222 0.03336327306335507 0.02760963798961221 0.00040353549159735 0.14046940289764517 0.03937725361554783 0.06271722575858164 0.09933481730256050 0.01977323908827014 0.03971570273753271 0.00117155465302456 0.00627432603064266 0.00059879460043478 
0.13025994542582220 0.00335104600507444 0.00239360428933889 0.00167552300253722 0.18157882138924794 0.00416487146344966 0.00124467423045622 0.02872325147206664 0.06505816458423093 0.00038297668629422 0.00090956962994878 0.10790368136339701 0.00909569629948777 0.00119680214466944 0.13145674757049164 0.05409545693905884 0.00043084877208100 0.16338742879027240 0.02561156589592609 0.04356359806596773 0.03480300636698741 0.00052659294365456 0.00421274354923644 0.00023936042893389 0.00344679017664800 0.00028723251472067 
0.00386398763523957 0.00386398763523957 0.00386398763523957 0.00386398763523957 0.00386398763523957 0.00386398763523957 0.00386398763523957 0.00386398763523957 0.00386398763523957 0.00386398763523957 0.00386398763523957 0.00386398763523957 0.00386398763523957 0.00386398763523957 0.00463678516228748 0.00463678516228748 0.00386398763523957 0.00386398763523957 0.00540958268933539 0.00463678516228748 0.89721792890262750 0.00463678516228748 0.00463678516228748 0.00463678516228748 0.00386398763523957 0.00386398763523957 
0.10313873096366757 0.01217380348677890 0.02819030820353717 0.03028489534938659 0.23095579318707970 0.01333921287619888 0.01389042001984346 0.01272501063042348 0.10337496259665811 0.00122840449155078 0.01526056349118856 0.01842606737326173 0.02737137187583666 0.02223727105217569 0.10778461974581477 0.01456761736774966 0.00070869489897161 0.01869379655731767 0.07562562010803660 0.07828716317306329 0.01733940186150527 0.00922878246216357 0.01395341512197427 0.00011024142872892 0.03077310739090036 0.00033072428618675 
0.09703220374657967 0.01874793276603422 0.03695462609375470 0.01135099377574646 0.11199146044441771 0.02080764951739483 0.00617915025408185 0.05622876386926061 0.09961812550741198 0.00168385603030941 0.00643473554439667 0.01559070270920408 0.02310791713022822 0.01426767297110383 0.08928947289292480 0.03856330997985387 0.00239047418588568 0.00960700003006886 0.06878251195237092 0.19047117899990978 0.03836786240490724 0.00239047418588568 0.03127161199146045 0.00007517214421024 0.00862976215533572 0.00016537871726253 
0.06493336532379436 0.00908456387549894 0.01096036818112418 0.00676162017143979 0.10237311056339564 0.00916090474840229 0.00270464806857592 0.32101337055859710 0.12193818570462625 0.00126507732239841 0.00095971383078500 0.01450476585163697 0.01013152441817349 0.00427508888258774 0.11087966497262634 0.00706698366305320 0.00043623355944773 0.03941370209610225 0.04469212816541977 0.05245708552358933 0.02336030710842585 0.00097061966977120 0.02026304883634698 0.00005452919493097 0.02001221453966454 0.00032717516958580 
0.04394449878636380 0.02195413542006304 0.05419700757164076 0.02738832735572221 0.03637285802267869 0.00561533166684781 0.04024924827011557 0.00293446364525595 0.03467014454950549 0.00028982356990182 0.00126797811832047 0.09502590298155998 0.04271274861428106 0.11933485490707532 0.00282577980654277 0.04064775567873057 0.00028982356990182 0.15755533818787812 0.13958627685396516 0.12143607578886353 0.00097815454841865 0.00115929427960729 0.00405752997862551 0.00148534579574684 0.00286200775278050 0.00115929427960729 
0.09021708486044544 0.00056385678037778 0.00084578517056668 0.00056385678037778 0.65595338783948880 0.00046988065031482 0.00056385678037778 0.00056385678037778 0.18738840334555024 0.00046988065031482 0.00056385678037778 0.00046988065031482 0.00046988065031482 0.00046988065031482 0.04426275725965605 0.00084578517056668 0.00046988065031482 0.00122168969081853 0.00216145099144817 0.00093976130062964 0.00291326003195188 0.00075180904050371 0.00046988065031482 0.00046988065031482 0.00545061554365191 0.00046988065031482 
0.18719738768156738 0.00743159554104268 0.00664339601396239 0.00540479675712195 0.16608490034905980 0.00394099763540142 0.00152009908794055 0.17903389257966446 0.19457268325639004 0.00101339939196036 0.00101339939196036 0.00686859587884247 0.00805089516946290 0.03850917689449386 0.11214953271028037 0.00467289719626168 0.00050669969598018 0.01598919040648576 0.02285778628532823 0.01891678864992681 0.00219569868258079 0.00095709942574034 0.00613669631798221 0.00028149983110010 0.00760049543970274 0.00045039972976016 
0.10005027652086476 0.00553041729512318 0.10457516339869281 0.00351935646053293 0.06535947712418301 0.01307189542483660 0.00402212166918049 0.01759678230266466 0.11111111111111110 0.00351935646053293 0.00301659125188537 0.00603318250377074 0.00854700854700855 0.00301659125188537 0.02564102564102564 0.27400703871292110 0.00351935646053293 0.00754147812971342 0.01005530417295123 0.16842634489693314 0.03318250377073907 0.00351935646053293 0.00804424333836099 0.00251382604323781 0.01206636500754148 0.00251382604323781 
0.10725282244269586 0.04048352149617972 0.04344851180294218 0.02736914129319193 0.06431748203900102 0.03694834074580910 0.01026342798494697 0.03267191241874786 0.06511574866005246 0.00336412361728817 0.00393431406089634 0.02297867487740906 0.03934314060896339 0.01915839890523435 0.14893374387045274 0.03689132170144829 0.00114038088721633 0.02434713194206865 0.09396738510662561 0.11084502223742730 0.00878093283156574 0.00444748546014369 0.04607138784353974 0.00034211426616490 0.00604401870224655 0.00153951419774205 
0.14941494149414940 0.00720072007200720 0.00720072007200720 0.00450045004500450 0.42664266426642666 0.00540054005400540 0.00810081008100810 0.00630063006300630 0.11881188118811880 0.00450045004500450 0.01260126012601260 0.02070207020702070 0.00810081008100810 0.00540054005400540 0.05760576057605760 0.00450045004500450 0.00450045004500450 0.00810081008100810 0.00630063006300630 0.01080108010801080 0.00900090009000900 0.00450045004500450 0.00720072007200720 0.00450045004500450 0.01620162016201620 0.08190819081908190 
