[[0.053301491649888746, 0.14713679880622352, 8.020947714097509E-8, 1.2492344961139093E-4, 0.28977033948756564, 0.030156625517158652, 0.22528863526816081, 0.20167699975898912, 0.016908297588444025, 0.027504557603633753, 2.7927329103802084E-5, 0.008095899793814, 3.2960738303863727E-13, 2.2866982441777095E-13, 1.5128111319384316E-15, 7.42340874928354E-6, 1.24765539828079E-10, 7.36304527064918E-16, 7.392078194384058E-22, 3.82939781264474E-12, 2.4477224236412845E-18, 8.163767034570197E-17, 7.658907543461351E-22, 1.911781461302804E-23, 2.0115164181942987E-24, 1.5401658137878532E-25], [0.003140437338341818, 5.281884414608505E-15, 3.925906045330078E-15, 3.9808550917320475E-6, 0.004131695999966645, 5.070765516148646E-5, 0.0693729451697645, 0.897202420340835, 0.021273372694293333, 1.0224415150174994E-6, 1.2906643015077973E-22, 1.4218662143486383E-24, 1.2926434948174752E-12, 3.5343708941198806E-32, 1.1759263377411685E-23, 2.221044079784379E-25, 2.0229364125489656E-26, 3.4713127309135323E-10, 1.3519066731712037E-20, 7.883862467951382E-20, 1.9837298992092488E-10, 1.0290946374671938E-41, 6.277728429946385E-12, 4.899509389808094E-27, 0.004823416951970074, 9.73837074168335E-34], [0.4508633405651728, 5.197735223951198E-8, 8.873137807401397E-9, 0.041742222801833324, 0.005087825406464629, 0.025123313384123738, 0.09064458062307858, 0.0012132010662575918, 5.485080114533689E-33, 0.004416458587921651, 8.876528568562052E-4, 0.01789951033991095, 4.148374432707399E-17, 3.1152293957156547E-25, 5.33328537233682E-4, 5.3920436354568095E-34, 0.04484683439164815, 3.232014182471527E-34, 0.0013495757614147496, 0.15396447415358988, 0.05473400184140435, 2.678431411993673E-20, 0.00427318215450274, 7.159324150309239E-6, 7.261876156033101E-7, 0.10241255116634221], [0.5619205350355957, 1.4537696201403818E-8, 1.9220620244702047E-5, 2.378882910909789E-25, 0.14257726070315127, 0.027606082981460105, 0.10204040306597177, 0.0021799577287068416, 8.458092113025215E-12, 9.714868682051867E-5, 4.652015506008427E-8, 3.910826165021966E-54, 0.1285542280987774, 9.663971660398595E-15, 0.015220763496189694, 8.824612577116283E-4, 8.60653835984708E-33, 1.2104141220015617E-27, 3.5496980952121767E-12, 1.2265021075181988E-7, 7.446069394152873E-22, 1.8034173917701069E-44, 6.660293549804805E-8, 2.405507113619458E-16, 0.018901688002341106, 1.086760363287147E-29], [0.007061288916819281, 5.70898764614918E-13, 1.3718646193841114E-17, 0.035450346090435444, 1.014154149995824E-10, 0.14981293922365724, 0.6562166712790702, 1.8600733366757711E-13, 2.514254367628951E-4, 0.001456982015601392, 3.6610432699582182E-6, 8.038243401390621E-5, 2.658130012228599E-44, 5.544464965168199E-44, 8.694521608410876E-11, 4.691993197666288E-17, 0.1309709730036764, 2.2869795803633888E-40, 3.082847742729717E-32, 0.018695220032938758, 8.175135534056406E-21, 4.112911436643395E-51, 1.1033461535098402E-7, 5.731648013415226E-23, 3.1177917092114323E-22, 5.178003058002776E-35], [4.7392310432972195E-11, 1.0443751993134236E-5, 0.13054263980455189, 7.764160017287064E-33, 1.9144358184886456E-6, 5.654834895484905E-124, 0.049662591887271526, 2.0388159240137756E-8, 1.2082236034623199E-15, 4.1197430230042754E-4, 5.077988494278362E-4, 1.1344441117283862E-24, 0.12560552169364447, 0.015774143689624816, 0.12611128068274347, 0.0011228070789365318, 1.5999883088567268E-52, 0.07261584648903711, 0.4610554731042939, 4.524424069947341E-47, 5.763990023421453E-15, 1.792428466260441E-41, 1.6948459167212271E-6, 1.0533265662504953E-30, 0.0165758486252439, 3.2362997188741664E-10], [0.0045759259791613065, 8.839456963193784E-4, 9.454277255189565E-7, 6.823748640436907E-12, 0.07854225876641288, 2.6528783830279195E-13, 0.013123284659499053, 4.4025199788747965E-7, 0.023534116467946654, 1.9923323510183454E-5, 7.983623042932823E-11, 3.731711790893832E-18, 0.10401969333235081, 0.18248456101000668, 0.043335599415200286, 0.48519816800061116, 4.5839649030203684E-29, 1.1426882382752833E-8, 0.05487596134614615, 0.008769419946063473, 1.0362164894049766E-13, 9.890298704738947E-15, 8.997840075128198E-26, 4.6924248272412617E-4, 1.665023804186317E-4, 5.693681087445492E-15], [0.001170199104786454, 3.334818980205618E-25, 4.637196747944999E-17, 0.6151489888893242, 1.846761213022206E-34, 0.2991369633942048, 0.07052057870765803, 1.1420210557303098E-4, 1.6143035467240551E-43, 9.825228649318853E-22, 1.4527129055230337E-4, 1.6442168550052816E-7, 4.5998265025300864E-49, 9.601659689625531E-55, 2.977566553719035E-33, 9.398768714355701E-25, 0.01376357664527008, 1.6022271895809961E-43, 2.3550675379201296E-48, 2.6535441064829385E-13, 7.766842744767701E-29, 1.6030969457668628E-51, 5.544064612522074E-8, 3.800004268149902E-20, 6.0405448238154374E-24, 9.737368463567495E-52], [0.006300288992239037, 4.4488974604408735E-17, 5.819415982815921E-12, 8.317994811622943E-23, 0.07816037224970877, 1.5732066113304302E-20, 1.1335910192364545E-13, 0.4030265378405811, 9.007924194203129E-37, 9.947110623692498E-15, 0.015562694467278636, 1.5419951532194156E-9, 4.624055709927045E-21, 1.7284353253993642E-16, 0.4524074747250051, 1.192902841907051E-19, 1.9400070097562903E-8, 4.7426762657024996E-18, 0.04453987460955924, 6.65493262392222E-21, 1.4427479616701592E-10, 2.2032732938785957E-24, 3.4995013229778744E-7, 6.933543436125371E-12, 2.049315687142685E-6, 3.3675058910344005E-7], [0.9982847509553, 4.2413096744217825E-17, 2.625492248365308E-4, 5.24889616324584E-26, 1.0629932709395231E-13, 1.1194000557418464E-24, 2.64302782118296E-12, 7.555760328579959E-12, 1.1155105138004423E-15, 1.9086503625379817E-35, 1.0097171028443884E-16, 3.271396372641807E-27, 1.1148508815652454E-7, 7.190568781103719E-16, 8.74579230459074E-14, 0.0014525883243985066, 5.176385479371317E-20, 1.294991571770737E-25, 4.505169318518928E-24, 1.0319597772962453E-33, 1.4290035896978594E-24, 1.0792373350698565E-51, 2.919508653147261E-21, 3.4819798333200493E-29, 4.5683860976251326E-21, 2.978679056774587E-29], [0.9046441175243615, 9.046375774715551E-4, 3.113038368298739E-20, 4.2429242390796585E-9, 0.01366654288651745, 1.8015653504589534E-4, 0.05598092672419135, 2.7150163967054895E-5, 7.759365454175928E-22, 6.534883422931133E-13, 8.253280277229464E-4, 0.014515507885408752, 5.31182392117468E-4, 6.111848224838119E-4, 4.406644363282062E-19, 2.983269633141037E-13, 1.831688075796528E-16, 4.153214530477096E-50, 8.092718096807014E-24, 5.475756856885913E-6, 4.651837070785833E-34, 1.008779217660436E-72, 0.008107785459951479, 1.0041797143452474E-34, 5.791754584136481E-16, 1.072133257256669E-38], [2.8787988130183706E-6, 2.6412937811916798E-15, 3.3775901935770204E-15, 9.380859955546017E-11, 2.536662008827542E-22, 9.865020159643665E-5, 0.013227418963336509, 0.008889247552721063, 6.191208412369091E-45, 1.747621817566807E-21, 4.952443534572084E-9, 0.017963612927822767, 2.584553228996932E-33, 1.7387431450514905E-47, 8.381345382830599E-12, 3.5180537749876454E-30, 4.249544136281459E-25, 1.0159540888479444E-26, 2.8058244039428186E-15, 0.039391882953745565, 6.483403063567603E-25, 1.0937892133504037E-34, 0.9204176828315862, 1.8591392258631168E-10, 8.620529861361584E-6, 3.0233275614849444E-20], [0.06271558643573696, 4.777089889859051E-9, 4.9971757621941244E-5, 4.944991630818359E-4, 9.364388204526557E-5, 0.02542656111657695, 0.002949488189920353, 0.0033977322610444765, 1.2292554396108918E-12, 0.0019445326203479268, 1.4155803482157952E-11, 4.594104216015518E-7, 3.434026748880519E-4, 1.3689512032983503E-5, 6.2614455468902466E-21, 0.033461810632981086, 2.0692093005571846E-13, 0.1421804584460274, 0.32771601190125765, 0.0014223052781651712, 0.07378090122753803, 0.048748630784846134, 5.067408671058698E-10, 0.2665465000879657, 0.008627755871690703, 8.60534464094819E-5], [0.0023712102046333857, 8.436777692379915E-7, 0.7885155408783472, 0.03279033079922259, 1.8323121165633094E-12, 0.12982548994091772, 2.9336727329703127E-4, 3.1213357686490407E-4, 1.035001179572347E-14, 3.4772707664755114E-19, 1.4253636841775388E-8, 1.4070501573058665E-6, 8.022519411278013E-13, 2.377983375731933E-8, 7.716633586265891E-51, 1.3577051545302908E-5, 9.060308784507188E-23, 6.968305401957507E-5, 0.007292422930595971, 2.5894150903290416E-5, 5.647780939753335E-5, 2.5110549106397665E-11, 2.8228343388367067E-9, 0.022637659954987698, 0.01579392076320751, 7.833103438901105E-14], [0.31321659863583, 4.3605182367002695E-4, 4.096883445668754E-22, 0.07997735055479706, 2.1425521014143844E-7, 0.10505195712095203, 0.15515185563004946, 2.602358772452454E-18, 7.421417518515212E-40, 0.007247064176570276, 2.7729682967693265E-7, 1.0453492751204736E-9, 1.8486576988765046E-43, 4.680561010887073E-85, 0.2565415544076516, 1.745928156674655E-23, 2.901699445592042E-45, 0.024192109203706905, 3.6579998259562E-34, 0.03655397581855144, 1.063644880070784E-53, 1.3604238885531857E-22, 0.02163099003083682, 2.6161744424284964E-18, 1.2086459929228666E-22, 3.044007769490003E-63], [0.5479606713457649, 3.1609713531754785E-4, 7.17098418684068E-5, 4.668445712548354E-6, 0.16625113421115142, 9.842783773325184E-4, 0.030095219458595505, 3.557598793645739E-15, 0.02519754271266411, 4.1678404587403944E-13, 0.14438155880191203, 0.019277636385302013, 1.6893384025977119E-12, 1.715003629322288E-21, 1.880881646798227E-19, 2.695742432926081E-6, 3.074824287544282E-32, 1.3595450364380186E-10, 4.263777815368395E-5, 0.042327377218825894, 7.393260954511246E-23, 1.3799018906865232E-23, 5.833855238556067E-4, 0.00864876122586793, 0.013854625657187637, 9.039259850014972E-23], [0.0638672280781652, 8.990324497819556E-5, 3.806761066343971E-25, 7.058704930240953E-8, 2.1665072178550355E-46, 7.5841141188143296E-6, 0.8441097022647657, 6.899426388316249E-33, 3.9590079304007386E-54, 5.479290119985548E-17, 0.002198202920789281, 1.7515903330251213E-36, 1.2655968630304199E-31, 3.356638932943898E-76, 3.2429778510037585E-64, 1.4316969243758842E-44, 2.7887514236582752E-77, 2.716087961897388E-37, 6.700846282428613E-32, 0.08972730879016179, 4.465956816862481E-59, 5.606106659265724E-92, 2.237054789270486E-48, 5.337018825642443E-30, 2.420988032896964E-46, 1.4478494801635797E-76], [3.2104751945332015E-14, 1.9479103292544444E-14, 2.270015930240776E-7, 1.4157447625982752E-7, 0.0486426120085379, 7.881760262790299E-20, 0.1816092956240844, 9.390112269374662E-4, 1.4394784945041116E-52, 1.398413026345702E-6, 0.643937790602071, 0.034902851743394026, 6.715162123498116E-60, 2.4532913836446604E-60, 2.6736012232510014E-7, 1.1040971699821529E-18, 0.010571022089422172, 1.225462842358172E-81, 8.045709815856233E-84, 0.07939538235629065, 1.4483722574906014E-29, 3.617843380178541E-87, 6.974345504501263E-49, 2.9519438306774703E-40, 1.9268741491482784E-75, 5.7008302445007016E-92], [0.5549505280889067, 1.2872429608778931E-21, 5.644680690711204E-7, 0.007435552686172136, 2.7855062467309705E-41, 3.5858361185047065E-17, 0.13045293759314233, 1.415244705248705E-22, 2.651947254474828E-19, 1.759308647349368E-13, 1.4744055576510343E-11, 2.167168701547199E-47, 4.622192187912401E-47, 2.9793520736302776E-60, 3.769289325993543E-57, 2.0514879827550675E-63, 2.578476507284291E-26, 3.896309280626534E-40, 2.2727834872033095E-47, 0.1481386031251472, 0.13556664970970023, 2.7324361155159686E-50, 0.023455164313943525, 1.0834458384057776E-28, 3.690168348640057E-29, 6.732204246150713E-50], [0.39529982647800416, 3.9377747628402697E-13, 2.140517715618994E-21, 2.928480840548096E-36, 6.524244507244142E-23, 0.004580112724171657, 1.597600948969791E-22, 1.2174352080642927E-36, 8.811819237902855E-42, 1.4063190381035696E-23, 0.5952250475728584, 0.004895007454758567, 2.6466993057736125E-9, 1.2880363688703314E-15, 7.082295780780942E-27, 2.5120838595314273E-11, 3.096734354393394E-9, 5.078868003866218E-83, 1.521165991872461E-47, 2.40684394727038E-17, 8.661652381854004E-49, 3.1564316693734385E-95, 1.2558710763109262E-12, 2.159356065381132E-43, 7.018423779787975E-24, 1.7966925043500884E-58], [0.6301132496794, 3.6493375648242603E-28, 8.212877576494486E-22, 9.763847745824577E-40, 8.718988827543047E-29, 4.965717523645158E-18, 0.3698770413440908, 1.0990794900423733E-40, 3.0862917520375644E-43, 2.744413671496353E-40, 8.741536192943112E-23, 2.9650686508442116E-14, 5.821154288941727E-47, 2.258065429386341E-57, 8.422112245664256E-52, 1.5648242578714954E-43, 1.6565933799792694E-36, 2.776440335171173E-89, 2.385424453994629E-93, 9.708976475598843E-6, 5.179755618756316E-46, 5.519384174071572E-103, 1.0268286768942665E-15, 1.116211461905331E-67, 8.437956802563993E-49, 4.340256235683116E-102], [0.5672829027415837, 0.06359212124064802, 1.8894300922496125E-24, 3.2938404717523486E-32, 0.019839906420874756, 4.0236580460561977E-57, 0.10432607912676295, 0.09050303442253115, 7.638265560220419E-64, 0.005315107321854527, 2.875907087386074E-10, 1.582239592085223E-11, 1.261116434981445E-78, 1.5281154475014385E-90, 1.7938995071664079E-9, 1.650471987275387E-36, 2.8863203445474213E-28, 4.3587333303105645E-92, 6.178848795306145E-111, 0.14914084662842977, 1.2880074696258931E-47, 3.1003305002054446E-137, 9.337482065443296E-37, 1.735529139886784E-57, 4.970526040963348E-72, 2.9515571646615696E-121], [0.9716380457869962, 4.113595326996639E-39, 6.912715605980299E-57, 4.081190655785308E-88, 1.8150891305902495E-34, 1.0692613393036766E-142, 5.241471153055504E-4, 3.813084474250682E-42, 1.2422714165715609E-241, 3.3425539226452795E-83, 0.017274379881238307, 1.986023753573526E-194, 1.5932213777629315E-42, 1.2694024084699322E-75, 2.631948305049472E-44, 0.010563427216458697, 7.559413988157468E-56, 1.126515254852997E-140, 3.8411944511713166E-98, 3.675821271741487E-89, 1.1387719909329623E-122, 1.0080689162160898E-186, 2.536052602544821E-121, 9.263730380361507E-99, 2.586307735353463E-118, 3.552141959365918E-142], [0.8658770343774909, 8.643961067308104E-14, 5.466370610028923E-29, 1.0378341911836687E-50, 1.0152009131762912E-19, 4.006639143385139E-14, 0.0047921769604201666, 1.1315236788994289E-30, 4.030462039438444E-43, 6.376024053256247E-17, 0.08970209546200665, 0.03962869319994927, 5.197778401991348E-39, 1.2595783222551669E-50, 2.3143678765192083E-31, 2.3621159528200168E-35, 1.1153248014415312E-21, 8.197271155397671E-100, 4.57980057880452E-86, 6.761631503350088E-27, 1.0886499275519812E-46, 3.399645051294101E-112, 3.226581575734365E-23, 3.2923782862356197E-87, 4.483413874329659E-53, 2.2335747689533084E-88], [0.8922413908033661, 1.173174497638402E-22, 3.387445592931491E-8, 6.176851125980926E-29, 6.742706280572857E-5, 3.084564850105143E-6, 0.079382862160077, 4.349883566243407E-17, 6.476043221011247E-49, 1.1695958236926336E-37, 0.028305200118250346, 7.835071648304146E-65, 4.718738291930139E-25, 1.815326400172798E-60, 3.339606152089383E-51, 5.44194089517233E-29, 1.4162092546017373E-9, 3.413872591042436E-117, 1.2637875999051934E-82, 7.051766198295232E-18, 9.139065010822334E-52, 2.804734187158601E-121, 2.5960054990272186E-50, 2.993777167848681E-82, 7.337692231422255E-80, 6.293098434411716E-109], [0.8781305367026774, 2.5169695526266142E-24, 1.0632904196909815E-17, 6.497764659944564E-45, 1.4764794120612155E-20, 3.9499161693347366E-26, 1.2314388770884621E-7, 2.0503676860660692E-26, 2.878891019767379E-36, 5.40737643478687E-38, 5.2365705411109334E-20, 0.022486094668926735, 9.981228459439012E-57, 2.402697569321046E-79, 1.4966603011051352E-25, 2.729460807984719E-49, 8.620679937910045E-57, 1.815928175797324E-78, 5.371375932114417E-71, 0.09938324543641956, 4.503638407853582E-24, 1.5986049707727535E-102, 4.810113922847816E-11, 3.652855426393855E-53, 1.781338942916246E-28, 1.593332243151643E-93]]
[[6.564181980639863E-5, 7.006733250799025E-8, 0.0025544842557710143, 1.3222533614184902E-5, 3.7840401519437185E-4, 2.466866624395075E-5, 8.913192046845405E-5, 7.338349032306984E-4, 0.0561909683990469, 1.8139241602110352E-33, 1.5077619629536054E-8, 0.0014383718294472955, 0.003023740814375899, 0.003167369365888634, 4.985985896835948E-8, 1.960789182284158E-4, 2.240386242376543E-23, 2.4131748515874402E-4, 0.007418027018428888, 0.03711241404139447, 0.008961051617324349, 2.6677594427495396E-11, 0.0013926760786279351, 1.9608792456888978E-19, 8.013373250279524E-4, 1.8244025031905545E-9, 0.8761971221368395], [0.0029154333354679293, 3.7108051692595518E-6, 0.019482810383247326, 7.674545712070342E-4, 2.9347739656753572E-5, 4.7405016069340916E-4, 3.6455737647683464E-10, 1.8259932765494445E-10, 1.805527159705864E-18, 2.92412156285389E-8, 7.679365976645586E-9, 9.820651475966777E-11, 3.50089569588517E-19, 1.1862887554132794E-14, 4.9447007081797745E-8, 6.995092353469953E-5, 9.419315815590045E-10, 0.001950311890429307, 0.18647225517196897, 0.7098307429277583, 6.462086319268521E-20, 3.552559865714444E-30, 0.07800384413338414, 3.2239775014444526E-65, 2.6316362795944925E-12, 1.946795746921582E-18, 1.5242301868873186E-17], [1.8891779357926254E-9, 5.477359664313991E-27, 0.11374316113565489, 0.1465398917258233, 4.736756454888078E-5, 2.4111505212058155E-26, 0.2901643390339011, 8.286121934915147E-4, 0.004854734988382185, 1.5517144067346405E-54, 1.1454361414818123E-9, 1.2050360087631429E-19, 1.334755066281642E-8, 0.0817141926100838, 2.1744690310009886E-14, 1.9036138835115561E-29, 1.493783044500315E-25, 3.2863093382705027E-7, 0.04797254435715526, 0.3034004994627697, 0.007220987506529513, 0.0013637659783798189, 1.8934348229146412E-59, 0.0021384492776567337, 1.1109152415030653E-5, 3.657390706841533E-38, 1.3653638194009862E-13], [1.0054793959927963E-5, 1.0359298839746904E-33, 3.411575299330293E-33, 3.4171284386506417E-12, 0.7357868021965636, 5.332683980199466E-64, 1.9862893574759036E-76, 0.0016503294104183298, 8.244874998216523E-5, 4.217322854167486E-39, 2.5863614331826074E-89, 3.1087817633666065E-26, 6.702672268847938E-56, 1.495645949822811E-12, 0.25805326202285095, 4.559078124597854E-43, 1.1504165652086711E-9, 1.0178722594771347E-10, 5.411707639208191E-30, 9.677348301923217E-36, 2.1209863076854214E-5, 1.2866906700408112E-103, 4.069965992021588E-47, 2.4561683101255935E-76, 0.004359750412779522, 4.7844924791530564E-96, 3.6141293261839825E-5], [6.630562307968805E-19, 0.036547183074620265, 0.15489692223996568, 0.06972273117977756, 2.599426965819924E-5, 0.10242739824028223, 0.05333852652118746, 5.000018994546488E-4, 2.2981186226263097E-21, 0.020244150502397116, 0.00941638434058433, 0.031358721924216175, 0.1459299348012663, 0.04741443629006468, 1.1977760516007863E-9, 0.13801811259580496, 2.2040537424000542E-13, 0.025374839022805785, 0.06265154850533702, 2.3074679780722166E-7, 1.377827982917996E-23, 0.06706390161520161, 0.02698624944742763, 0.002475095653292042, 2.0781223539223398E-4, 0.005399823696473234, 2.4052769359879795E-16], [0.5956367766622647, 1.8637585512229965E-7, 2.0410358528861438E-26, 1.0591860961590465E-50, 9.43737482174043E-12, 5.920717986962951E-27, 7.45828227693871E-56, 9.396420003010319E-9, 0.33590685277989335, 8.722677201379999E-96, 7.500671393523187E-52, 5.335155675579342E-20, 3.72022581927845E-54, 2.634433026055109E-26, 1.865336102667654E-12, 5.57319709878277E-10, 1.1610753074151779E-48, 2.974763492956718E-35, 1.3799062564963075E-33, 3.6106352443157604E-39, 0.06714143544465039, 2.3598393950970307E-97, 1.5905278704666858E-71, 5.495276943124858E-98, 3.9098671065415725E-36, 1.7967228607316432E-168, 0.0013147387723264166], [0.1928992708094377, 7.755856354136932E-44, 7.918532741410992E-50, 8.857576528568896E-50, 0.2394180920271339, 1.8727742648539957E-52, 2.35645827579094E-21, 2.516033385810197E-12, 0.18232282137456013, 8.026480121509993E-42, 7.474683446019599E-12, 2.7040181890270393E-49, 6.6611104325619935E-34, 4.933341310552056E-49, 0.3103786579099703, 2.975291904697893E-14, 4.280462623497133E-55, 3.119368645604662E-30, 6.305449202900127E-45, 6.2829979384970175E-58, 0.07498115661684117, 4.486934959957969E-146, 1.9396571507926248E-17, 1.3449291319743507E-83, 2.9800951523628694E-26, 2.1898018090974348E-134, 1.2520707966183835E-9], [2.3903691939490595E-47, 0.05924591201315953, 0.0059058366279536685, 0.026273256820378295, 0.013293350461338888, 8.495822347351136E-13, 0.0023399173331576932, 0.45050905840961014, 3.1023681333602373E-29, 8.150187871819964E-4, 1.5641439782559455E-4, 0.035658248435856923, 0.0015827944177553169, 0.013749730189400566, 5.280647492918367E-28, 0.014401071658518205, 1.0263673829608751E-48, 0.10822821988340278, 0.029620420567782076, 0.14323268545994716, 2.7651323673045066E-4, 8.019693858294927E-9, 0.07767017191344619, 3.3080101735293993E-77, 0.015766503831295322, 0.0012748675347204377, 6.033295662746248E-28], [0.16296541911055765, 0.18626850478055967, 0.2959226751784657, 9.166355560017103E-18, 2.420738152260253E-11, 0.018752757059788894, 0.021511384598151065, 2.6667398875142905E-27, 1.481605734695909E-23, 1.5997292566985844E-105, 0.022041580402118142, 1.9373368893609067E-33, 2.9275829721520055E-37, 3.504897174948307E-39, 3.589181461742418E-21, 0.2925376788461567, 2.6785613496104865E-165, 1.5133104689498074E-20, 4.566750087749679E-16, 2.2851820503715624E-15, 2.5014171561777326E-17, 3.953038476069921E-145, 7.947314389048959E-23, 1.8189249979555965E-56, 7.781550759453844E-27, 5.781498327888466E-177, 1.058245381138336E-28], [0.8409331658645653, 0.009567370349891373, 2.3501503667312934E-4, 0.023637957662468297, 9.794958167060523E-13, 3.041106546946195E-20, 1.9439076445308527E-15, 0.00995919224609867, 1.2252073316645829E-14, 0.024876519506947026, 2.404268363400863E-38, 0.0016086467277839193, 3.167937022703259E-24, 5.2523823020557987E-17, 0.006738108476595624, 2.989826431262056E-7, 0.04676780839354838, 0.013797175629870624, 0.020513424290388146, 4.1517714032512664E-24, 3.6068312139404613E-12, 1.920319445438052E-27, 1.0168622572084364E-17, 2.20003843386292E-87, 1.211853779113667E-13, 0.0013595366816308856, 5.780146230792768E-6], [0.004915106451915923, 1.776917026868381E-24, 1.2144639162085615E-11, 0.5338546036291043, 0.0455774772596691, 0.013431810090452244, 1.0110979516053076E-12, 1.7574318031811972E-70, 2.5066186389411123E-29, 6.082445629172378E-48, 5.800159851224016E-19, 1.6793937463141768E-7, 0.001331295698826197, 3.211392561045983E-5, 4.619793018278982E-41, 2.331601043385826E-28, 7.748279995691012E-4, 2.8174841637710914E-23, 0.3686058027862674, 9.471101783667243E-5, 4.219690138830197E-59, 2.6502233360450463E-21, 5.703257565788574E-49, 1.3076549216269225E-10, 0.01855559307467225, 1.3875415356288842E-34, 0.012826489982794342], [0.13410517174666525, 0.2619780581190832, 0.04151362603514655, 7.235794485412554E-29, 0.0022681156537599396, 0.0011336585800332968, 5.725028873471563E-4, 5.523171649863944E-10, 3.618797372459022E-84, 3.9849270752905795E-148, 2.183814474972773E-87, 0.2808456016075326, 0.020428351062800713, 1.4282797978155542E-64, 3.1783321555793163E-118, 3.8363048607025354E-12, 4.837522848703845E-199, 0.07054831785487897, 0.020931030504350804, 0.1656755653922933, 1.5442258860915764E-67, 2.9980760360790164E-31, 3.805368282512126E-99, 4.6238360705511387E-215, 6.193244022624125E-54, 1.152444954818604E-48, 7.348190928572892E-16], [1.270259137768905E-37, 1.7818238358042485E-34, 0.21890233626698585, 8.376889646476222E-18, 2.44566589926783E-4, 9.171697129559095E-10, 5.452526819007467E-4, 4.760015580751911E-105, 2.639527818591309E-41, 1.0913195112508764E-183, 7.014115324182736E-14, 0.027181539469464673, 2.968893628904264E-21, 0.030163532288821536, 1.9528334168690507E-12, 0.01633364527398471, 2.839616009752297E-93, 0.2728080645649173, 0.23840353510671194, 4.739858888995562E-4, 0.11808784733081962, 0.057422586067345106, 0.013874714467382384, 0.005556899235725672, 3.2601094461599723E-60, 1.4938479532455752E-6, 9.973176083834572E-29], [8.335264515867973E-38, 8.824946580613144E-18, 0.0036698140329459268, 0.025118503757634678, 9.216608837139344E-60, 1.8542903201377014E-30, 0.0372339103690314, 0.004864258529005422, 9.466277747747809E-8, 7.787942212588714E-188, 2.267373478730221E-27, 6.878022368923899E-16, 7.381172530042061E-27, 0.7138914077434388, 3.0186016810143427E-62, 1.053820254287226E-23, 3.9036655973005774E-48, 0.14503273041209233, 9.742729830099436E-13, 0.03365308770167264, 0.026110912097163836, 1.0191889527796916E-23, 0.006776964409205267, 0.0036483162840847834, 2.3981459310326845E-22, 1.2913996939424002E-44, 2.7511210940771215E-17], [2.210021508510403E-19, 0.04314609560079721, 1.7208721139024016E-26, 1.876717357268633E-6, 2.5187992337378203E-32, 1.5726644773518554E-9, 3.6839488080740886E-30, 3.111461699195916E-62, 1.1614347980084558E-6, 7.594892735076712E-34, 8.206391510983714E-4, 0.8740561325860575, 0.0015946046441197763, 2.3568990366876635E-17, 5.49395604796867E-15, 0.006756383561984886, 4.2744186713673145E-15, 0.004515801537655826, 0.06022739472493752, 1.2385745987495342E-14, 4.593178116719325E-8, 0.007451969045995299, 1.0410339266305989E-26, 0.0012528309106629278, 1.750625800893446E-4, 1.5253691927739816E-35, 6.23838212577339E-27], [3.8460972024464747E-32, 5.7853478895113E-8, 5.987758109651898E-9, 0.03434431487431132, 4.542749539333717E-24, 0.10499713283328893, 2.5554427476825928E-22, 1.509286230132939E-76, 3.9553227568266354E-16, 1.5169002731629082E-144, 0.005719152185471869, 0.041979168962787305, 0.07960434839235651, 0.3784743477875663, 9.715345117994293E-19, 0.02408450741408968, 6.763851944994007E-20, 0.2600986899020541, 0.03381022143122631, 3.2470353345275915E-6, 3.4963905110021684E-4, 1.013831056563935E-12, 0.021589419839186136, 0.014735821238233157, 2.0992518976768073E-4, 2.100679221285916E-11, 8.958282783932637E-22], [1.3828906197475086E-7, 3.220576886755394E-39, 1.8931048231993078E-62, 6.264534014787109E-30, 0.07617609521342794, 2.2148164608230876E-48, 7.540030467705376E-81, 5.270779542249292E-5, 0.0758051592136787, 8.142976738511658E-60, 1.0468688464993659E-82, 2.9144254054466185E-10, 3.6416514843291987E-38, 6.585297080528911E-4, 0.18445321021323088, 2.603882176557271E-25, 1.5291014745852073E-35, 0.6611759744083135, 4.051299146712388E-28, 6.949644838004955E-33, 8.205915143142357E-6, 4.5368701761128455E-70, 2.3898495917079865E-76, 4.3703956296142605E-110, 1.409933292625136E-17, 1.1439061817968472E-113, 0.0016699789522632413], [6.873913713076688E-31, 2.5581594160171856E-18, 4.557555183022795E-14, 6.63289772094676E-10, 9.473616545929715E-13, 4.494948014855012E-72, 1.3609569253320174E-25, 3.053334486794196E-18, 0.4467659561687864, 6.55437320626113E-89, 0.148721519598146, 0.3335877143460197, 8.120566898480197E-6, 3.8608359507036144E-10, 1.5237238863822284E-34, 1.2212451968757356E-32, 3.4250742209932376E-83, 1.555537621589209E-28, 2.3819213616230977E-12, 0.009148050301835275, 1.2511489320713664E-41, 2.918916689440132E-14, 4.912746598406324E-65, 1.329199956984824E-56, 0.06176863796556731, 1.7652879818514294E-59, 2.1729997171155886E-21], [1.7592511749739892E-32, 1.4774798145492737E-36, 2.6962989643276413E-11, 0.02110361540869875, 5.12361203323606E-23, 5.011342271119592E-35, 1.5688882388304366E-12, 2.2039197951525114E-25, 1.7540219699310791E-43, 1.397204636239264E-109, 7.637804818918538E-4, 1.9663819666876206E-11, 0.013267916329964094, 4.518817790921936E-14, 1.0173649895804642E-4, 5.98585242985904E-11, 8.997499455928741E-4, 8.916458159028635E-18, 0.304016362414352, 0.6252155320693761, 8.165170621020278E-27, 0.01165813114727531, 1.1266839659210224E-21, 0.007254240034936298, 0.015715321803693037, 3.6137571912122388E-6, 7.541577025555167E-22], [3.433277142098424E-19, 9.812510662368728E-49, 4.590531655878202E-32, 1.3977015039001159E-27, 0.9929810712433715, 2.9060088604353665E-51, 1.743634527198819E-47, 0.0031936344482886817, 3.0071977853653494E-21, 9.186994930669384E-170, 4.878946592658309E-29, 2.1667465352024396E-13, 4.5099106938374075E-18, 2.6137544611143297E-24, 1.4995612725515665E-39, 1.2840024612753478E-43, 1.1692286566931586E-103, 1.1550694272503853E-60, 0.003001545767807048, 1.9903955087790604E-8, 4.7920793636214714E-35, 2.374573341443897E-72, 3.379332034497268E-120, 6.422972376259755E-68, 4.424306195329257E-5, 1.0720787444569326E-50, 7.79485574430798E-4], [7.912433476596921E-17, 2.141621157508742E-48, 1.08136553070421E-7, 1.569027237887594E-22, 0.016333503434411527, 8.6259957722406E-61, 1.284612411116566E-44, 0.4770207101225435, 7.733695224633556E-6, 1.1009668632991103E-155, 1.4863064907796373E-10, 2.3991980115697946E-10, 1.0196873096812838E-10, 7.63358993037127E-10, 6.124598143941061E-40, 2.6156608484546322E-36, 1.0263754424395468E-49, 7.004475059671022E-27, 0.3661945498814958, 0.14044339188306532, 4.175461181864073E-43, 4.380753313228906E-49, 1.8396064643902378E-128, 1.8209317064191713E-74, 1.5928446270201966E-9, 4.954574483539775E-56, 3.8353637457289077E-16], [1.4503375378774422E-14, 7.974061999279006E-65, 6.283268265840553E-17, 5.535392305972501E-26, 0.012595545398380717, 1.2650755483451122E-88, 1.0969954370491455E-41, 0.10272236651070907, 3.57723118329051E-26, 1.5093338439509915E-212, 0.8846790296552508, 5.9501174133582775E-21, 4.589630323401564E-13, 3.012509400830519E-7, 2.8877690623312157E-46, 3.0436339463655185E-39, 1.4208097715148184E-40, 7.35252879299787E-36, 4.629087474350529E-11, 2.757135603730374E-6, 3.372692588023953E-57, 3.7358588969187694E-65, 5.18828313087289E-156, 4.818938302368401E-76, 2.3606737752359044E-12, 5.3173995204045033E-92, 1.8900215001328973E-20], [1.6180253382720456E-13, 5.11142901911072E-94, 1.2687204588783721E-55, 2.1626316758354636E-17, 2.3772616966887615E-10, 1.2100763286982372E-46, 2.1527764394579756E-101, 8.342178920125845E-14, 2.4083381943729658E-37, 1.451313775038129E-119, 8.118334911464846E-82, 1.3864195098589333E-19, 5.782990455443976E-56, 1.3267314945066298E-75, 1.4117170518810753E-6, 1.6296690541932005E-52, 1.0490748317918057E-42, 5.827410227750985E-27, 1.949247644769804E-8, 2.451190826662659E-16, 2.9032070336720898E-11, 4.5557556340902275E-126, 1.9570415018548384E-111, 2.003167081793928E-82, 0.9999985685235022, 3.314675256101591E-55, 1.9823833408684648E-29], [1.0640960997831736E-13, 2.94112935007933E-40, 3.7163222525996476E-34, 4.359190755137065E-24, 0.6574935258401275, 5.722825575007184E-83, 8.345005732538225E-44, 3.7014546666616805E-7, 1.1892785387449238E-27, 1.8768955658656166E-196, 0.028014011044436102, 2.0545384673655996E-8, 0.025644166627689823, 4.4008724331868825E-6, 3.0608410946929714E-44, 6.006449523987894E-28, 1.480611647299446E-30, 3.646763117553882E-44, 1.914851069573218E-6, 0.2888415528132335, 2.6560938253498935E-58, 7.825420526175911E-80, 2.402779664456176E-125, 1.6420898967214116E-62, 3.726006243895598E-8, 3.2326131669516316E-121, 1.436639809975174E-19], [9.038371905027769E-15, 1.5755000732836264E-63, 2.2407258706256947E-27, 5.299113297850119E-12, 1.3693740908037284E-11, 4.6538259610330766E-57, 1.2116918570806742E-28, 3.07070627810042E-17, 3.5766572996836044E-43, 9.22383485283831E-110, 2.2453097308952196E-18, 4.107112127698996E-19, 4.078788655908233E-12, 1.6806182860545463E-15, 7.721439216980146E-8, 6.52387484308016E-33, 0.08878994016124085, 3.616172079465827E-31, 2.8109746346155744E-4, 0.09006553696475313, 9.830014695317613E-35, 3.750017376003324E-43, 8.216434913793982E-35, 1.0051753638646692E-22, 0.8208633481330708, 2.9413862532571305E-111, 4.006425884301536E-11], [1.715696278458149E-16, 1.566036622715953E-113, 6.439406833669365E-34, 7.832340137262109E-42, 7.113857324988381E-6, 6.2982029639332225E-115, 2.3811920253140536E-58, 0.610826500063707, 9.902455099469667E-46, 6.957803565705793E-194, 3.7731643648304804E-24, 7.009976953970778E-28, 2.159674521020152E-36, 2.3159213411347055E-31, 7.086412197446699E-35, 1.4560479288042771E-66, 6.742389628133297E-53, 2.332565324645815E-53, 0.38901208609265686, 1.4009257142959003E-4, 7.216045779213307E-73, 2.1374460582211736E-98, 4.6309524179433973E-175, 4.356411244537057E-106, 1.4207414857624205E-5, 4.3570881108027354E-44, 5.788860267641496E-14]]
[1.0, 0.0, 1.2766494043402869E-261, 0.0, 0.0, 0.0, 0.0, 0.0, 0.0, 0.0, 0.0, 1.6025012541832323E-298, 0.0, 0.0, 0.0, 0.0, 0.0, 0.0, 6.0332507381728555E-152, 0.0, 8.156216667144197E-276, 0.0, 0.0, 1.97453E-319, 1.8519061529175193E-263, 1.0803665003859428E-263]
